New game:
Player 1's name: Fred
Player 2's name: AI
Turn 1 (player 1's turn): ([[1, 1, 1, 1, 1], [1, 1, 1, 1, 1]], (0, 1, 1), [[1, 1, 1, 1, 1], [2, 1, 1, 1, 1]])
Turn 2 (player 2's turn): ([[1, 1, 1, 1, 1], [2, 1, 1, 1, 1]], 3, [[1, 1, 1, 1, 1], [2, 1, 1, 1, 1]])
Game over.

New game:
Player 1's name: Frederico
Player 2's name: A.I.
Turn 1 (player 1's turn): ([[1, 1, 1, 1, 1], [1, 1, 1, 1, 1]], (0, 1, 1), [[3, 1, 1, 1, 1], [0, 0, 0, 0, 0]])
Turn 2 (player 2's turn): ([[1, 1, 1, 1, 1], [2, 1, 1, 1, 1]], (0, 2, 1), [[3, 1, 1, 1, 1], [0, 0, 0, 0, 0]])
Turn 3 (player 1's turn): ([[2, 1, 1, 1, 1], [2, 1, 1, 1, 1]], (0, 2, 2), [[3, 1, 1, 1, 1], [0, 0, 0, 0, 0]])
Turn 4 (player 2's turn): ([[2, 1, 1, 1, 1], [2, 2, 1, 1, 1]], (0, 3, 1), [[3, 1, 1, 1, 1], [0, 0, 0, 0, 0]])
Turn 5 (player 1's turn): ([[3, 1, 1, 1, 1], [2, 2, 1, 1, 1]], (0, 1, 1), [[3, 1, 1, 1, 1], [0, 0, 0, 0, 0]])
Turn 6 (player 2's turn): ([[3, 1, 1, 1, 1], [0, 2, 1, 1, 1]], (0, 2, 1), [[3, 1, 1, 1, 1], [0, 0, 0, 0, 0]])
Turn 7 (player 1's turn): ([[0, 1, 1, 1, 1], [0, 2, 1, 1, 1]], (0, 2, 3), [[3, 1, 1, 1, 1], [0, 0, 0, 0, 0]])
Turn 8 (player 2's turn): ([[0, 1, 1, 1, 1], [0, 2, 2, 1, 1]], (0, 4, 2), [[3, 1, 1, 1, 1], [0, 0, 0, 0, 0]])
Turn 9 (player 1's turn): ([[0, 2, 1, 1, 1], [0, 2, 2, 1, 1]], 1, [[3, 1, 1, 1, 1], [0, 0, 0, 0, 0]])
Turn 10 (player 2's turn): ([[1, 1, 1, 1, 1], [0, 2, 2, 1, 1]], (0, 4, 1), [[3, 1, 1, 1, 1], [0, 0, 0, 0, 0]])
Turn 11 (player 1's turn): ([[2, 1, 1, 1, 1], [0, 2, 2, 1, 1]], (0, 5, 5), [[3, 1, 1, 1, 1], [0, 0, 0, 0, 0]])
Turn 12 (player 2's turn): ([[2, 1, 1, 1, 1], [0, 2, 2, 1, 2]], (0, 4, 1), [[3, 1, 1, 1, 1], [0, 0, 0, 0, 0]])
Turn 13 (player 1's turn): ([[3, 1, 1, 1, 1], [0, 2, 2, 1, 2]], (0, 4, 4), [[3, 1, 1, 1, 1], [0, 0, 0, 0, 0]])
Turn 14 (player 2's turn): ([[3, 1, 1, 1, 1], [0, 2, 2, 2, 2]], (0, 2, 1), [[3, 1, 1, 1, 1], [0, 0, 0, 0, 0]])
Turn 15 (player 1's turn): ([[0, 1, 1, 1, 1], [0, 2, 2, 2, 2]], (0, 5, 5), [[3, 1, 1, 1, 1], [0, 0, 0, 0, 0]])
Turn 16 (player 2's turn): ([[0, 1, 1, 1, 1], [0, 2, 2, 2, 3]], (0, 2, 2), [[3, 1, 1, 1, 1], [0, 0, 0, 0, 0]])
Turn 17 (player 1's turn): ([[0, 3, 1, 1, 1], [0, 2, 2, 2, 3]], (0, 2, 2), [[3, 1, 1, 1, 1], [0, 0, 0, 0, 0]])
Turn 18 (player 2's turn): ([[0, 3, 1, 1, 1], [0, 0, 2, 2, 3]], (0, 3, 2), [[3, 1, 1, 1, 1], [0, 0, 0, 0, 0]])
Turn 19 (player 1's turn): ([[0, 0, 1, 1, 1], [0, 0, 2, 2, 3]], (0, 4, 4), [[3, 1, 1, 1, 1], [0, 0, 0, 0, 0]])
Turn 20 (player 2's turn): ([[0, 0, 1, 1, 1], [0, 0, 2, 3, 3]], (0, 3, 3), [[3, 1, 1, 1, 1], [0, 0, 0, 0, 0]])
Turn 21 (player 1's turn): ([[0, 0, 3, 1, 1], [0, 0, 2, 3, 3]], (0, 3, 3), [[3, 1, 1, 1, 1], [0, 0, 0, 0, 0]])
Turn 22 (player 2's turn): ([[0, 0, 3, 1, 1], [0, 0, 0, 3, 3]], (0, 4, 3), [[3, 1, 1, 1, 1], [0, 0, 0, 0, 0]])
Turn 23 (player 1's turn): ([[0, 0, 1, 1, 1], [0, 0, 0, 3, 3]], (0, 5, 5), [[3, 1, 1, 1, 1], [0, 0, 0, 0, 0]])
Turn 24 (player 2's turn): ([[0, 0, 1, 1, 1], [0, 0, 0, 3, 4]], (0, 5, 3), [[3, 1, 1, 1, 1], [0, 0, 0, 0, 0]])
Turn 25 (player 1's turn): ([[0, 0, 0, 1, 1], [0, 0, 0, 3, 4]], (0, 5, 5), [[3, 1, 1, 1, 1], [0, 0, 0, 0, 0]])
Turn 26 (player 2's turn): ([[0, 0, 0, 1, 1], [0, 0, 0, 3, 0]], (0, 4, 4), [[3, 1, 1, 1, 1], [0, 0, 0, 0, 0]])
Turn 27 (player 1's turn): ([[0, 0, 0, 4, 1], [0, 0, 0, 3, 0]], 1, [[3, 1, 1, 1, 1], [0, 0, 0, 0, 0]])
Turn 28 (player 2's turn): ([[1, 1, 1, 1, 1], [0, 0, 0, 3, 0]], (0, 4, 1), [[3, 1, 1, 1, 1], [0, 0, 0, 0, 0]])
Turn 29 (player 1's turn): ([[4, 1, 1, 1, 1], [0, 0, 0, 3, 0]], (0, 4, 4), [[3, 1, 1, 1, 1], [0, 0, 0, 0, 0]])
Turn 30 (player 2's turn): ([[4, 1, 1, 1, 1], [0, 0, 0, 4, 0]], (0, 4, 1), [[3, 1, 1, 1, 1], [0, 0, 0, 0, 0]])
Turn 31 (player 1's turn): ([[3, 1, 1, 1, 1], [0, 0, 0, 4, 0]], (0, 4, 4), [[3, 1, 1, 1, 1], [0, 0, 0, 0, 0]])
Game over.

New game:
Player 1's name: Frederico
Player 2's name: A.I.
Turn 1 (player 1's turn): ([[1, 1, 1, 1, 1], [1, 1, 1, 1, 1]], (0, 1, 1), [[0, 0, 0, 0, 1], [0, 0, 0, 0, 0]])
Turn 2 (player 2's turn): ([[1, 1, 1, 1, 1], [2, 1, 1, 1, 1]], (0, 1, 1), [[0, 0, 0, 0, 1], [0, 0, 0, 0, 0]])
Turn 3 (player 1's turn): ([[3, 1, 1, 1, 1], [2, 1, 1, 1, 1]], (0, 2, 2), [[0, 0, 0, 0, 1], [0, 0, 0, 0, 0]])
Turn 4 (player 2's turn): ([[3, 1, 1, 1, 1], [2, 2, 1, 1, 1]], (0, 1, 1), [[0, 0, 0, 0, 1], [0, 0, 0, 0, 0]])
Turn 5 (player 1's turn): ([[0, 1, 1, 1, 1], [2, 2, 1, 1, 1]], (0, 3, 3), [[0, 0, 0, 0, 1], [0, 0, 0, 0, 0]])
Turn 6 (player 2's turn): ([[0, 1, 1, 1, 1], [2, 2, 2, 1, 1]], (0, 1, 2), [[0, 0, 0, 0, 1], [0, 0, 0, 0, 0]])
Turn 7 (player 1's turn): ([[0, 3, 1, 1, 1], [2, 2, 2, 1, 1]], (0, 2, 1), [[0, 0, 0, 0, 1], [0, 0, 0, 0, 0]])
Turn 8 (player 2's turn): ([[0, 3, 1, 1, 1], [0, 2, 2, 1, 1]], (0, 2, 2), [[0, 0, 0, 0, 1], [0, 0, 0, 0, 0]])
Turn 9 (player 1's turn): ([[0, 0, 1, 1, 1], [0, 2, 2, 1, 1]], (0, 3, 4), [[0, 0, 0, 0, 1], [0, 0, 0, 0, 0]])
Turn 10 (player 2's turn): ([[0, 0, 1, 1, 1], [0, 2, 2, 2, 1]], (0, 2, 3), [[0, 0, 0, 0, 1], [0, 0, 0, 0, 0]])
Turn 11 (player 1's turn): ([[0, 0, 3, 1, 1], [0, 2, 2, 2, 1]], (0, 3, 2), [[0, 0, 0, 0, 1], [0, 0, 0, 0, 0]])
Turn 12 (player 2's turn): ([[0, 0, 3, 1, 1], [0, 0, 2, 2, 1]], 1, [[0, 0, 0, 0, 1], [0, 0, 0, 0, 0]])
Turn 13 (player 1's turn): ([[0, 0, 3, 1, 1], [1, 1, 1, 1, 1]], (0, 3, 3), [[0, 0, 0, 0, 1], [0, 0, 0, 0, 0]])
Turn 14 (player 2's turn): ([[0, 0, 3, 1, 1], [1, 1, 4, 1, 1]], (0, 3, 4), [[0, 0, 0, 0, 1], [0, 0, 0, 0, 0]])
Turn 15 (player 1's turn): ([[0, 0, 3, 0, 1], [1, 1, 4, 1, 1]], (0, 5, 3), [[0, 0, 0, 0, 1], [0, 0, 0, 0, 0]])
Turn 16 (player 2's turn): ([[0, 0, 3, 0, 1], [1, 1, 0, 1, 1]], (0, 1, 3), [[0, 0, 0, 0, 1], [0, 0, 0, 0, 0]])
Turn 17 (player 1's turn): ([[0, 0, 4, 0, 1], [1, 1, 0, 1, 1]], 1, [[0, 0, 0, 0, 1], [0, 0, 0, 0, 0]])
Turn 18 (player 2's turn): ([[1, 1, 1, 1, 1], [1, 1, 0, 1, 1]], (0, 1, 1), [[0, 0, 0, 0, 1], [0, 0, 0, 0, 0]])
Turn 19 (player 1's turn): ([[2, 1, 1, 1, 1], [1, 1, 0, 1, 1]], (0, 1, 1), [[0, 0, 0, 0, 1], [0, 0, 0, 0, 0]])
Turn 20 (player 2's turn): ([[2, 1, 1, 1, 1], [3, 1, 0, 1, 1]], (0, 1, 1), [[0, 0, 0, 0, 1], [0, 0, 0, 0, 0]])
Turn 21 (player 1's turn): ([[0, 1, 1, 1, 1], [3, 1, 0, 1, 1]], (0, 5, 5), [[0, 0, 0, 0, 1], [0, 0, 0, 0, 0]])
Turn 22 (player 2's turn): ([[0, 1, 1, 1, 1], [3, 1, 0, 1, 2]], (0, 1, 2), [[0, 0, 0, 0, 1], [0, 0, 0, 0, 0]])
Turn 23 (player 1's turn): ([[0, 4, 1, 1, 1], [3, 1, 0, 1, 2]], (0, 2, 2), [[0, 0, 0, 0, 1], [0, 0, 0, 0, 0]])
Turn 24 (player 2's turn): ([[0, 4, 1, 1, 1], [3, 0, 0, 1, 2]], (0, 4, 2), [[0, 0, 0, 0, 1], [0, 0, 0, 0, 0]])
Turn 25 (player 1's turn): ([[0, 0, 1, 1, 1], [3, 0, 0, 1, 2]], (0, 3, 5), [[0, 0, 0, 0, 1], [0, 0, 0, 0, 0]])
Turn 26 (player 2's turn): ([[0, 0, 1, 1, 1], [3, 0, 0, 1, 3]], (0, 1, 3), [[0, 0, 0, 0, 1], [0, 0, 0, 0, 0]])
Turn 27 (player 1's turn): ([[0, 0, 4, 1, 1], [3, 0, 0, 1, 3]], (0, 3, 4), [[0, 0, 0, 0, 1], [0, 0, 0, 0, 0]])
Turn 28 (player 2's turn): ([[0, 0, 4, 1, 1], [3, 0, 0, 0, 3]], (0, 1, 3), [[0, 0, 0, 0, 1], [0, 0, 0, 0, 0]])
Turn 29 (player 1's turn): ([[0, 0, 2, 1, 1], [3, 0, 0, 0, 3]], (0, 3, 1), [[0, 0, 0, 0, 1], [0, 0, 0, 0, 0]])
Turn 30 (player 2's turn): ([[0, 0, 2, 1, 1], [0, 0, 0, 0, 3]], (0, 5, 3), [[0, 0, 0, 0, 1], [0, 0, 0, 0, 0]])
Turn 31 (player 1's turn): ([[0, 0, 0, 1, 1], [0, 0, 0, 0, 3]], (0, 5, 5), [[0, 0, 0, 0, 1], [0, 0, 0, 0, 0]])
Turn 32 (player 2's turn): ([[0, 0, 0, 1, 1], [0, 0, 0, 0, 4]], (0, 5, 4), [[0, 0, 0, 0, 1], [0, 0, 0, 0, 0]])
Turn 33 (player 1's turn): ([[0, 0, 0, 0, 1], [0, 0, 0, 0, 4]], (0, 5, 5), [[0, 0, 0, 0, 1], [0, 0, 0, 0, 0]])
Game over.

New game:
Player 1's name: Frederico
Player 2's name: A.I.
Turn 1 (player 1's turn): ([[1, 1, 1, 1, 1], [1, 1, 1, 1, 1]], (0, 1, 1), [[4, 1, 1, 1, 1], [0, 0, 0, 4, 0]])
Turn 2 (player 2's turn): ([[1, 1, 1, 1, 1], [2, 1, 1, 1, 1]], (0, 2, 1), [[4, 1, 1, 1, 1], [0, 0, 0, 4, 0]])
Turn 3 (player 1's turn): ([[2, 1, 1, 1, 1], [2, 1, 1, 1, 1]], (0, 2, 2), [[4, 1, 1, 1, 1], [0, 0, 0, 4, 0]])
Turn 4 (player 2's turn): ([[2, 1, 1, 1, 1], [2, 2, 1, 1, 1]], (0, 1, 1), [[4, 1, 1, 1, 1], [0, 0, 0, 4, 0]])
Turn 5 (player 1's turn): ([[4, 1, 1, 1, 1], [2, 2, 1, 1, 1]], (0, 1, 3), [[4, 1, 1, 1, 1], [0, 0, 0, 4, 0]])
Turn 6 (player 2's turn): ([[4, 1, 1, 1, 1], [2, 2, 0, 1, 1]], (0, 4, 1), [[4, 1, 1, 1, 1], [0, 0, 0, 4, 0]])
Turn 7 (player 1's turn): ([[0, 1, 1, 1, 1], [2, 2, 0, 1, 1]], (0, 4, 4), [[4, 1, 1, 1, 1], [0, 0, 0, 4, 0]])
Turn 8 (player 2's turn): ([[0, 1, 1, 1, 1], [2, 2, 0, 2, 1]], (0, 1, 2), [[4, 1, 1, 1, 1], [0, 0, 0, 4, 0]])
Turn 9 (player 1's turn): ([[0, 3, 1, 1, 1], [2, 2, 0, 2, 1]], (0, 5, 5), [[4, 1, 1, 1, 1], [0, 0, 0, 4, 0]])
Turn 10 (player 2's turn): ([[0, 3, 1, 1, 1], [2, 2, 0, 2, 2]], (0, 1, 2), [[4, 1, 1, 1, 1], [0, 0, 0, 4, 0]])
Turn 11 (player 1's turn): ([[0, 0, 1, 1, 1], [2, 2, 0, 2, 2]], (0, 5, 5), [[4, 1, 1, 1, 1], [0, 0, 0, 4, 0]])
Turn 12 (player 2's turn): ([[0, 0, 1, 1, 1], [2, 2, 0, 2, 3]], (0, 5, 3), [[4, 1, 1, 1, 1], [0, 0, 0, 4, 0]])
Turn 13 (player 1's turn): ([[0, 0, 4, 1, 1], [2, 2, 0, 2, 3]], (0, 5, 5), [[4, 1, 1, 1, 1], [0, 0, 0, 4, 0]])
Turn 14 (player 2's turn): ([[0, 0, 4, 1, 1], [2, 2, 0, 2, 4]], 1, [[4, 1, 1, 1, 1], [0, 0, 0, 4, 0]])
Turn 15 (player 1's turn): ([[0, 0, 4, 1, 1], [2, 2, 2, 2, 2]], 2, [[4, 1, 1, 1, 1], [0, 0, 0, 4, 0]])
Turn 16 (player 2's turn): ([[0, 0, 2, 2, 2], [2, 2, 2, 2, 2]], (0, 1, 3), [[4, 1, 1, 1, 1], [0, 0, 0, 4, 0]])
Turn 17 (player 1's turn): ([[0, 0, 4, 2, 2], [2, 2, 2, 2, 2]], (0, 5, 5), [[4, 1, 1, 1, 1], [0, 0, 0, 4, 0]])
Turn 18 (player 2's turn): ([[0, 0, 4, 2, 2], [2, 2, 2, 2, 4]], (0, 5, 3), [[4, 1, 1, 1, 1], [0, 0, 0, 4, 0]])
Turn 19 (player 1's turn): ([[0, 0, 3, 2, 2], [2, 2, 2, 2, 4]], (0, 3, 3), [[4, 1, 1, 1, 1], [0, 0, 0, 4, 0]])
Turn 20 (player 2's turn): ([[0, 0, 3, 2, 2], [2, 2, 0, 2, 4]], 1, [[4, 1, 1, 1, 1], [0, 0, 0, 4, 0]])
Turn 21 (player 1's turn): ([[0, 0, 3, 2, 2], [2, 2, 2, 2, 2]], (0, 3, 3), [[4, 1, 1, 1, 1], [0, 0, 0, 4, 0]])
Turn 22 (player 2's turn): ([[0, 0, 3, 2, 2], [2, 2, 0, 2, 2]], (0, 1, 3), [[4, 1, 1, 1, 1], [0, 0, 0, 4, 0]])
Turn 23 (player 1's turn): ([[0, 0, 0, 2, 2], [2, 2, 0, 2, 2]], (0, 5, 5), [[4, 1, 1, 1, 1], [0, 0, 0, 4, 0]])
Turn 24 (player 2's turn): ([[0, 0, 0, 2, 2], [2, 2, 0, 2, 4]], 1, [[4, 1, 1, 1, 1], [0, 0, 0, 4, 0]])
Turn 25 (player 1's turn): ([[0, 0, 0, 2, 2], [2, 2, 2, 2, 2]], (0, 5, 5), [[4, 1, 1, 1, 1], [0, 0, 0, 4, 0]])
Turn 26 (player 2's turn): ([[0, 0, 0, 2, 2], [2, 2, 2, 2, 4]], (0, 1, 4), [[4, 1, 1, 1, 1], [0, 0, 0, 4, 0]])
Turn 27 (player 1's turn): ([[0, 0, 0, 4, 2], [2, 2, 2, 2, 4]], (0, 5, 4), [[4, 1, 1, 1, 1], [0, 0, 0, 4, 0]])
Turn 28 (player 2's turn): ([[0, 0, 0, 4, 2], [2, 2, 2, 4, 4]], (0, 1, 4), [[4, 1, 1, 1, 1], [0, 0, 0, 4, 0]])
Turn 29 (player 1's turn): ([[0, 0, 0, 1, 2], [2, 2, 2, 4, 4]], (0, 4, 5), [[4, 1, 1, 1, 1], [0, 0, 0, 4, 0]])
Turn 30 (player 2's turn): ([[0, 0, 0, 1, 2], [2, 2, 2, 4, 0]], 1, [[4, 1, 1, 1, 1], [0, 0, 0, 4, 0]])
Turn 31 (player 1's turn): ([[0, 0, 0, 1, 2], [2, 2, 2, 2, 2]], (0, 5, 5), [[4, 1, 1, 1, 1], [0, 0, 0, 4, 0]])
Turn 32 (player 2's turn): ([[0, 0, 0, 1, 2], [2, 2, 2, 2, 4]], (0, 1, 4), [[4, 1, 1, 1, 1], [0, 0, 0, 4, 0]])
Turn 33 (player 1's turn): ([[0, 0, 0, 3, 2], [2, 2, 2, 2, 4]], 1, [[4, 1, 1, 1, 1], [0, 0, 0, 4, 0]])
Turn 34 (player 2's turn): ([[1, 1, 1, 1, 1], [2, 2, 2, 2, 4]], (0, 1, 1), [[4, 1, 1, 1, 1], [0, 0, 0, 4, 0]])
Turn 35 (player 1's turn): ([[3, 1, 1, 1, 1], [2, 2, 2, 2, 4]], (0, 1, 1), [[4, 1, 1, 1, 1], [0, 0, 0, 4, 0]])
Turn 36 (player 2's turn): ([[3, 1, 1, 1, 1], [0, 2, 2, 2, 4]], 1, [[4, 1, 1, 1, 1], [0, 0, 0, 4, 0]])
Turn 37 (player 1's turn): ([[3, 1, 1, 1, 1], [2, 2, 2, 2, 2]], (0, 1, 1), [[4, 1, 1, 1, 1], [0, 0, 0, 4, 0]])
Turn 38 (player 2's turn): ([[3, 1, 1, 1, 1], [0, 2, 2, 2, 2]], (0, 2, 1), [[4, 1, 1, 1, 1], [0, 0, 0, 4, 0]])
Turn 39 (player 1's turn): ([[0, 1, 1, 1, 1], [0, 2, 2, 2, 2]], (0, 2, 2), [[4, 1, 1, 1, 1], [0, 0, 0, 4, 0]])
Turn 40 (player 2's turn): ([[0, 1, 1, 1, 1], [0, 3, 2, 2, 2]], (0, 2, 2), [[4, 1, 1, 1, 1], [0, 0, 0, 4, 0]])
Turn 41 (player 1's turn): ([[0, 4, 1, 1, 1], [0, 3, 2, 2, 2]], (0, 3, 2), [[4, 1, 1, 1, 1], [0, 0, 0, 4, 0]])
Turn 42 (player 2's turn): ([[0, 4, 1, 1, 1], [0, 4, 2, 2, 2]], 1, [[4, 1, 1, 1, 1], [0, 0, 0, 4, 0]])
Turn 43 (player 1's turn): ([[0, 4, 1, 1, 1], [2, 2, 2, 2, 2]], (0, 2, 1), [[4, 1, 1, 1, 1], [0, 0, 0, 4, 0]])
Turn 44 (player 2's turn): ([[0, 4, 1, 1, 1], [1, 2, 2, 2, 2]], (0, 1, 2), [[4, 1, 1, 1, 1], [0, 0, 0, 4, 0]])
Turn 45 (player 1's turn): ([[0, 0, 1, 1, 1], [1, 2, 2, 2, 2]], (0, 3, 1), [[4, 1, 1, 1, 1], [0, 0, 0, 4, 0]])
Turn 46 (player 2's turn): ([[0, 0, 1, 1, 1], [2, 2, 2, 2, 2]], (0, 1, 3), [[4, 1, 1, 1, 1], [0, 0, 0, 4, 0]])
Turn 47 (player 1's turn): ([[0, 0, 3, 1, 1], [2, 2, 2, 2, 2]], 1, [[4, 1, 1, 1, 1], [0, 0, 0, 4, 0]])
Turn 48 (player 2's turn): ([[1, 1, 1, 1, 1], [2, 2, 2, 2, 2]], (0, 1, 1), [[4, 1, 1, 1, 1], [0, 0, 0, 4, 0]])
Turn 49 (player 1's turn): ([[3, 1, 1, 1, 1], [2, 2, 2, 2, 2]], (0, 1, 1), [[4, 1, 1, 1, 1], [0, 0, 0, 4, 0]])
Turn 50 (player 2's turn): ([[3, 1, 1, 1, 1], [0, 2, 2, 2, 2]], (0, 2, 1), [[4, 1, 1, 1, 1], [0, 0, 0, 4, 0]])
Turn 51 (player 1's turn): ([[0, 1, 1, 1, 1], [0, 2, 2, 2, 2]], (0, 2, 2), [[4, 1, 1, 1, 1], [0, 0, 0, 4, 0]])
Turn 52 (player 2's turn): ([[0, 1, 1, 1, 1], [0, 3, 2, 2, 2]], (0, 2, 2), [[4, 1, 1, 1, 1], [0, 0, 0, 4, 0]])
Turn 53 (player 1's turn): ([[0, 4, 1, 1, 1], [0, 3, 2, 2, 2]], (0, 2, 2), [[4, 1, 1, 1, 1], [0, 0, 0, 4, 0]])
Turn 54 (player 2's turn): ([[0, 4, 1, 1, 1], [0, 2, 2, 2, 2]], (0, 2, 3), [[4, 1, 1, 1, 1], [0, 0, 0, 4, 0]])
Turn 55 (player 1's turn): ([[0, 4, 3, 1, 1], [0, 2, 2, 2, 2]], (0, 3, 2), [[4, 1, 1, 1, 1], [0, 0, 0, 4, 0]])
Turn 56 (player 2's turn): ([[0, 4, 3, 1, 1], [0, 0, 2, 2, 2]], (0, 3, 3), [[4, 1, 1, 1, 1], [0, 0, 0, 4, 0]])
Turn 57 (player 1's turn): ([[0, 4, 0, 1, 1], [0, 0, 2, 2, 2]], (0, 5, 5), [[4, 1, 1, 1, 1], [0, 0, 0, 4, 0]])
Turn 58 (player 2's turn): ([[0, 4, 0, 1, 1], [0, 0, 2, 2, 3]], (0, 3, 4), [[4, 1, 1, 1, 1], [0, 0, 0, 4, 0]])
Turn 59 (player 1's turn): ([[0, 4, 0, 3, 1], [0, 0, 2, 2, 3]], (0, 2, 5), [[4, 1, 1, 1, 1], [0, 0, 0, 4, 0]])
Turn 60 (player 2's turn): ([[0, 4, 0, 3, 1], [0, 0, 2, 2, 2]], (0, 3, 4), [[4, 1, 1, 1, 1], [0, 0, 0, 4, 0]])
Turn 61 (player 1's turn): ([[0, 4, 0, 0, 1], [0, 0, 2, 2, 2]], 1, [[4, 1, 1, 1, 1], [0, 0, 0, 4, 0]])
Turn 62 (player 2's turn): ([[1, 1, 1, 1, 1], [0, 0, 2, 2, 2]], (0, 3, 1), [[4, 1, 1, 1, 1], [0, 0, 0, 4, 0]])
Turn 63 (player 1's turn): ([[3, 1, 1, 1, 1], [0, 0, 2, 2, 2]], (0, 5, 5), [[4, 1, 1, 1, 1], [0, 0, 0, 4, 0]])
Turn 64 (player 2's turn): ([[3, 1, 1, 1, 1], [0, 0, 2, 2, 3]], (0, 3, 1), [[4, 1, 1, 1, 1], [0, 0, 0, 4, 0]])
Turn 65 (player 1's turn): ([[0, 1, 1, 1, 1], [0, 0, 2, 2, 3]], (0, 3, 3), [[4, 1, 1, 1, 1], [0, 0, 0, 4, 0]])
Turn 66 (player 2's turn): ([[0, 1, 1, 1, 1], [0, 0, 3, 2, 3]], (0, 3, 2), [[4, 1, 1, 1, 1], [0, 0, 0, 4, 0]])
Turn 67 (player 1's turn): ([[0, 4, 1, 1, 1], [0, 0, 3, 2, 3]], (0, 4, 4), [[4, 1, 1, 1, 1], [0, 0, 0, 4, 0]])
Turn 68 (player 2's turn): ([[0, 4, 1, 1, 1], [0, 0, 3, 3, 3]], (0, 3, 2), [[4, 1, 1, 1, 1], [0, 0, 0, 4, 0]])
Turn 69 (player 1's turn): ([[0, 2, 1, 1, 1], [0, 0, 3, 3, 3]], (0, 2, 3), [[4, 1, 1, 1, 1], [0, 0, 0, 4, 0]])
Turn 70 (player 2's turn): ([[0, 2, 1, 1, 1], [0, 0, 0, 3, 3]], (0, 4, 2), [[4, 1, 1, 1, 1], [0, 0, 0, 4, 0]])
Turn 71 (player 1's turn): ([[0, 0, 1, 1, 1], [0, 0, 0, 3, 3]], (0, 5, 5), [[4, 1, 1, 1, 1], [0, 0, 0, 4, 0]])
Turn 72 (player 2's turn): ([[0, 0, 1, 1, 1], [0, 0, 0, 3, 4]], (0, 5, 3), [[4, 1, 1, 1, 1], [0, 0, 0, 4, 0]])
Turn 73 (player 1's turn): ([[0, 0, 0, 1, 1], [0, 0, 0, 3, 4]], (0, 5, 5), [[4, 1, 1, 1, 1], [0, 0, 0, 4, 0]])
Turn 74 (player 2's turn): ([[0, 0, 0, 1, 1], [0, 0, 0, 3, 0]], (0, 4, 4), [[4, 1, 1, 1, 1], [0, 0, 0, 4, 0]])
Turn 75 (player 1's turn): ([[0, 0, 0, 4, 1], [0, 0, 0, 3, 0]], 1, [[4, 1, 1, 1, 1], [0, 0, 0, 4, 0]])
Turn 76 (player 2's turn): ([[1, 1, 1, 1, 1], [0, 0, 0, 3, 0]], (0, 4, 1), [[4, 1, 1, 1, 1], [0, 0, 0, 4, 0]])
Turn 77 (player 1's turn): ([[4, 1, 1, 1, 1], [0, 0, 0, 3, 0]], (0, 4, 4), [[4, 1, 1, 1, 1], [0, 0, 0, 4, 0]])
Turn 78 (player 2's turn): ([[4, 1, 1, 1, 1], [0, 0, 0, 4, 0]], 3, [[4, 1, 1, 1, 1], [0, 0, 0, 4, 0]])
Game over.

New game:
Player 1's name: A.I. 1
Player 2's name: A.I. 2
Turn 1 (player 1's turn): ([[1, 1, 1, 1, 1], [1, 1, 1, 1, 1]], (0, 1, 1), [[0, 0, 0, 0, 3], [0, 0, 2, 2, 2]])
Turn 2 (player 2's turn): ([[1, 1, 1, 1, 1], [2, 1, 1, 1, 1]], (0, 2, 1), [[0, 0, 0, 0, 3], [0, 0, 2, 2, 2]])
Turn 3 (player 1's turn): ([[2, 1, 1, 1, 1], [2, 1, 1, 1, 1]], (0, 1, 1), [[0, 0, 0, 0, 3], [0, 0, 2, 2, 2]])
Turn 4 (player 2's turn): ([[2, 1, 1, 1, 1], [4, 1, 1, 1, 1]], (0, 1, 2), [[0, 0, 0, 0, 3], [0, 0, 2, 2, 2]])
Turn 5 (player 1's turn): ([[2, 0, 1, 1, 1], [4, 1, 1, 1, 1]], (0, 3, 2), [[0, 0, 0, 0, 3], [0, 0, 2, 2, 2]])
Turn 6 (player 2's turn): ([[2, 0, 1, 1, 1], [4, 2, 1, 1, 1]], (0, 1, 3), [[0, 0, 0, 0, 3], [0, 0, 2, 2, 2]])
Turn 7 (player 1's turn): ([[2, 0, 0, 1, 1], [4, 2, 1, 1, 1]], (0, 1, 3), [[0, 0, 0, 0, 3], [0, 0, 2, 2, 2]])
Turn 8 (player 2's turn): ([[2, 0, 0, 1, 1], [4, 2, 3, 1, 1]], (0, 1, 4), [[0, 0, 0, 0, 3], [0, 0, 2, 2, 2]])
Turn 9 (player 1's turn): ([[2, 0, 0, 0, 1], [4, 2, 3, 1, 1]], (0, 5, 4), [[0, 0, 0, 0, 3], [0, 0, 2, 2, 2]])
Turn 10 (player 2's turn): ([[2, 0, 0, 0, 1], [4, 2, 3, 2, 1]], (0, 3, 1), [[0, 0, 0, 0, 3], [0, 0, 2, 2, 2]])
Turn 11 (player 1's turn): ([[0, 0, 0, 0, 1], [4, 2, 3, 2, 1]], (0, 5, 1), [[0, 0, 0, 0, 3], [0, 0, 2, 2, 2]])
Turn 12 (player 2's turn): ([[0, 0, 0, 0, 1], [0, 2, 3, 2, 1]], (0, 2, 5), [[0, 0, 0, 0, 3], [0, 0, 2, 2, 2]])
Turn 13 (player 1's turn): ([[0, 0, 0, 0, 3], [0, 2, 3, 2, 1]], (0, 5, 2), [[0, 0, 0, 0, 3], [0, 0, 2, 2, 2]])
Turn 14 (player 2's turn): ([[0, 0, 0, 0, 3], [0, 0, 3, 2, 1]], 2, [[0, 0, 0, 0, 3], [0, 0, 2, 2, 2]])
Turn 15 (player 1's turn): ([[0, 0, 0, 0, 3], [0, 0, 2, 2, 2]], 3, [[0, 0, 0, 0, 3], [0, 0, 2, 2, 2]])
Game over.

New game:
Player 1's name: A.I. 1
Player 2's name: A.I. 2
Turn 1 (player 1's turn): ([[1, 1, 1, 1, 1], [1, 1, 1, 1, 1]], (0, 1, 1), [[1, 4, 3, 1, 1], [3, 4, 2, 1, 1]])
Turn 2 (player 2's turn): ([[1, 1, 1, 1, 1], [2, 1, 1, 1, 1]], (0, 1, 1), [[1, 4, 3, 1, 1], [3, 4, 2, 1, 1]])
Turn 3 (player 1's turn): ([[3, 1, 1, 1, 1], [2, 1, 1, 1, 1]], (0, 1, 2), [[1, 4, 3, 1, 1], [3, 4, 2, 1, 1]])
Turn 4 (player 2's turn): ([[3, 1, 1, 1, 1], [2, 4, 1, 1, 1]], (0, 3, 1), [[1, 4, 3, 1, 1], [3, 4, 2, 1, 1]])
Turn 5 (player 1's turn): ([[4, 1, 1, 1, 1], [2, 4, 1, 1, 1]], (0, 1, 1), [[1, 4, 3, 1, 1], [3, 4, 2, 1, 1]])
Turn 6 (player 2's turn): ([[4, 1, 1, 1, 1], [1, 4, 1, 1, 1]], (0, 1, 2), [[1, 4, 3, 1, 1], [3, 4, 2, 1, 1]])
Turn 7 (player 1's turn): ([[4, 2, 1, 1, 1], [1, 4, 1, 1, 1]], (0, 1, 2), [[1, 4, 3, 1, 1], [3, 4, 2, 1, 1]])
Turn 8 (player 2's turn): ([[4, 2, 1, 1, 1], [1, 3, 1, 1, 1]], (0, 1, 2), [[1, 4, 3, 1, 1], [3, 4, 2, 1, 1]])
Turn 9 (player 1's turn): ([[4, 3, 1, 1, 1], [1, 3, 1, 1, 1]], (0, 3, 1), [[1, 4, 3, 1, 1], [3, 4, 2, 1, 1]])
Turn 10 (player 2's turn): ([[4, 3, 1, 1, 1], [2, 3, 1, 1, 1]], (0, 1, 3), [[1, 4, 3, 1, 1], [3, 4, 2, 1, 1]])
Turn 11 (player 1's turn): ([[4, 3, 3, 1, 1], [2, 3, 1, 1, 1]], (0, 2, 3), [[1, 4, 3, 1, 1], [3, 4, 2, 1, 1]])
Turn 12 (player 2's turn): ([[4, 3, 3, 1, 1], [2, 3, 4, 1, 1]], (0, 2, 1), [[1, 4, 3, 1, 1], [3, 4, 2, 1, 1]])
Turn 13 (player 1's turn): ([[2, 3, 3, 1, 1], [2, 3, 4, 1, 1]], (0, 1, 1), [[1, 4, 3, 1, 1], [3, 4, 2, 1, 1]])
Turn 14 (player 2's turn): ([[2, 3, 3, 1, 1], [4, 3, 4, 1, 1]], (0, 1, 2), [[1, 4, 3, 1, 1], [3, 4, 2, 1, 1]])
Turn 15 (player 1's turn): ([[2, 2, 3, 1, 1], [4, 3, 4, 1, 1]], (0, 3, 1), [[1, 4, 3, 1, 1], [3, 4, 2, 1, 1]])
Turn 16 (player 2's turn): ([[2, 2, 3, 1, 1], [2, 3, 4, 1, 1]], (0, 1, 1), [[1, 4, 3, 1, 1], [3, 4, 2, 1, 1]])
Turn 17 (player 1's turn): ([[4, 2, 3, 1, 1], [2, 3, 4, 1, 1]], (0, 2, 1), [[1, 4, 3, 1, 1], [3, 4, 2, 1, 1]])
Turn 18 (player 2's turn): ([[4, 2, 3, 1, 1], [4, 3, 4, 1, 1]], (0, 1, 1), [[1, 4, 3, 1, 1], [3, 4, 2, 1, 1]])
Turn 19 (player 1's turn): ([[3, 2, 3, 1, 1], [4, 3, 4, 1, 1]], (0, 1, 1), [[1, 4, 3, 1, 1], [3, 4, 2, 1, 1]])
Turn 20 (player 2's turn): ([[3, 2, 3, 1, 1], [2, 3, 4, 1, 1]], (0, 1, 2), [[1, 4, 3, 1, 1], [3, 4, 2, 1, 1]])
Turn 21 (player 1's turn): ([[3, 4, 3, 1, 1], [2, 3, 4, 1, 1]], (0, 1, 3), [[1, 4, 3, 1, 1], [3, 4, 2, 1, 1]])
Turn 22 (player 2's turn): ([[3, 4, 3, 1, 1], [2, 3, 2, 1, 1]], (0, 2, 1), [[1, 4, 3, 1, 1], [3, 4, 2, 1, 1]])
Turn 23 (player 1's turn): ([[1, 4, 3, 1, 1], [2, 3, 2, 1, 1]], (0, 2, 1), [[1, 4, 3, 1, 1], [3, 4, 2, 1, 1]])
Turn 24 (player 2's turn): ([[1, 4, 3, 1, 1], [1, 3, 2, 1, 1]], (0, 1, 1), [[1, 4, 3, 1, 1], [3, 4, 2, 1, 1]])
Turn 25 (player 1's turn): ([[2, 4, 3, 1, 1], [1, 3, 2, 1, 1]], (0, 3, 1), [[1, 4, 3, 1, 1], [3, 4, 2, 1, 1]])
Turn 26 (player 2's turn): ([[2, 4, 3, 1, 1], [4, 3, 2, 1, 1]], (0, 1, 1), [[1, 4, 3, 1, 1], [3, 4, 2, 1, 1]])
Turn 27 (player 1's turn): ([[1, 4, 3, 1, 1], [4, 3, 2, 1, 1]], (0, 1, 2), [[1, 4, 3, 1, 1], [3, 4, 2, 1, 1]])
Turn 28 (player 2's turn): ([[1, 4, 3, 1, 1], [4, 4, 2, 1, 1]], (0, 3, 1), [[1, 4, 3, 1, 1], [3, 4, 2, 1, 1]])
Turn 29 (player 1's turn): ([[3, 4, 3, 1, 1], [4, 4, 2, 1, 1]], (0, 2, 1), [[1, 4, 3, 1, 1], [3, 4, 2, 1, 1]])
Turn 30 (player 2's turn): ([[3, 4, 3, 1, 1], [3, 4, 2, 1, 1]], (0, 1, 1), [[1, 4, 3, 1, 1], [3, 4, 2, 1, 1]])
Turn 31 (player 1's turn): ([[1, 4, 3, 1, 1], [3, 4, 2, 1, 1]], (0, 1, 1), [[1, 4, 3, 1, 1], [3, 4, 2, 1, 1]])
Turn 32 (player 2's turn): ([[1, 4, 3, 1, 1], [4, 4, 2, 1, 1]], (0, 3, 1), [[1, 4, 3, 1, 1], [3, 4, 2, 1, 1]])
Turn 33 (player 1's turn): ([[3, 4, 3, 1, 1], [4, 4, 2, 1, 1]], (0, 2, 1), [[1, 4, 3, 1, 1], [3, 4, 2, 1, 1]])
Turn 34 (player 2's turn): ([[3, 4, 3, 1, 1], [3, 4, 2, 1, 1]], (0, 1, 1), [[1, 4, 3, 1, 1], [3, 4, 2, 1, 1]])
Turn 35 (player 1's turn): ([[1, 4, 3, 1, 1], [3, 4, 2, 1, 1]], (0, 1, 1), [[1, 4, 3, 1, 1], [3, 4, 2, 1, 1]])
Turn 36 (player 2's turn): ([[1, 4, 3, 1, 1], [4, 4, 2, 1, 1]], (0, 3, 1), [[1, 4, 3, 1, 1], [3, 4, 2, 1, 1]])
Turn 37 (player 1's turn): ([[3, 4, 3, 1, 1], [4, 4, 2, 1, 1]], (0, 2, 1), [[1, 4, 3, 1, 1], [3, 4, 2, 1, 1]])
Turn 38 (player 2's turn): ([[3, 4, 3, 1, 1], [3, 4, 2, 1, 1]], (0, 1, 1), [[1, 4, 3, 1, 1], [3, 4, 2, 1, 1]])
Game over.

New game:
Player 1's name: Player 1
Player 2's name: Player 2
Turn 1 (player 1's turn): ([[1, 1, 1, 1, 1], [0, 0, 0, 0, 0]], 3, [[1, 1, 1, 1, 1], [0, 0, 0, 0, 0]])
Game over.

New game:
Player 1's name: Player 1
Player 2's name: Player 2
Turn 1 (player 1's turn): ([[1, 1, 1, 1, 1], [0, 0, 0, 0, 0]], 3, [[1, 1, 1, 1, 1], [0, 0, 0, 0, 0]])
Game over.

New game:
Player 1's name: Player 1
Player 2's name: Player 2
Turn 1 (player 1's turn): (3, [(1, 1, 1, 1, 1), (1, 1, 1, 1, 1)])
Turn 2 (player 2's turn): (3, [(1, 1, 1, 1, 1), (2, 1, 1, 1, 1)])
Turn 3 (player 1's turn): (3, [(3, 1, 1, 1, 1), (2, 1, 1, 1, 1)])
Turn 4 (player 2's turn): (3, [(3, 1, 1, 1, 1), (2, 4, 1, 1, 1)])
Turn 5 (player 1's turn): (3, [(4, 1, 1, 1, 1), (2, 4, 1, 1, 1)])
Turn 6 (player 2's turn): (3, [(4, 1, 1, 1, 1), (1, 4, 1, 1, 1)])
Turn 7 (player 1's turn): (3, [(4, 2, 1, 1, 1), (1, 4, 1, 1, 1)])
Turn 8 (player 2's turn): (3, [(4, 2, 1, 1, 1), (1, 3, 1, 1, 1)])
Turn 9 (player 1's turn): (3, [(4, 3, 1, 1, 1), (1, 3, 1, 1, 1)])
Turn 10 (player 2's turn): (3, [(4, 3, 1, 1, 1), (2, 3, 1, 1, 1)])
Turn 11 (player 1's turn): (3, [(4, 3, 3, 1, 1), (2, 3, 1, 1, 1)])
Turn 12 (player 2's turn): (3, [(4, 3, 3, 1, 1), (2, 3, 4, 1, 1)])
Turn 13 (player 1's turn): (3, [(2, 3, 3, 1, 1), (2, 3, 4, 1, 1)])
Turn 14 (player 2's turn): (3, [(2, 3, 3, 1, 1), (4, 3, 4, 1, 1)])
Turn 15 (player 1's turn): (3, [(2, 2, 3, 1, 1), (4, 3, 4, 1, 1)])
Turn 16 (player 2's turn): (3, [(2, 2, 3, 1, 1), (2, 3, 4, 1, 1)])
Turn 17 (player 1's turn): (3, [(4, 2, 3, 1, 1), (2, 3, 4, 1, 1)])
Turn 18 (player 2's turn): (3, [(4, 2, 3, 1, 1), (4, 3, 4, 1, 1)])
Turn 19 (player 1's turn): (3, [(3, 2, 3, 1, 1), (4, 3, 4, 1, 1)])
Turn 20 (player 2's turn): (3, [(3, 2, 3, 1, 1), (2, 3, 4, 1, 1)])
Turn 21 (player 1's turn): (3, [(3, 4, 3, 1, 1), (2, 3, 4, 1, 1)])
Turn 22 (player 2's turn): (3, [(3, 4, 3, 1, 1), (2, 3, 2, 1, 1)])
Turn 23 (player 1's turn): (3, [(1, 4, 3, 1, 1), (2, 3, 2, 1, 1)])
Turn 24 (player 2's turn): (3, [(1, 4, 3, 1, 1), (1, 3, 2, 1, 1)])
Turn 25 (player 1's turn): (3, [(2, 4, 3, 1, 1), (1, 3, 2, 1, 1)])
Turn 26 (player 2's turn): (3, [(2, 4, 3, 1, 1), (4, 3, 2, 1, 1)])
Turn 27 (player 1's turn): (3, [(1, 4, 3, 1, 1), (4, 3, 2, 1, 1)])
Turn 28 (player 2's turn): (3, [(1, 4, 3, 1, 1), (4, 4, 2, 1, 1)])
Turn 29 (player 1's turn): (3, [(3, 4, 3, 1, 1), (4, 4, 2, 1, 1)])
Turn 30 (player 2's turn): (3, [(3, 4, 3, 1, 1), (3, 4, 2, 1, 1)])
Turn 31 (player 1's turn): (3, [(1, 4, 3, 1, 1), (3, 4, 2, 1, 1)])
Turn 32 (player 2's turn): (3, [(1, 4, 3, 1, 1), (4, 4, 2, 1, 1)])
Turn 33 (player 1's turn): (3, [(3, 4, 3, 1, 1), (4, 4, 2, 1, 1)])
Turn 34 (player 2's turn): (3, [(3, 4, 3, 1, 1), (3, 4, 2, 1, 1)])
Turn 35 (player 1's turn): (3, [(1, 4, 3, 1, 1), (3, 4, 2, 1, 1)])
Turn 36 (player 2's turn): (3, [(1, 4, 3, 1, 1), (4, 4, 2, 1, 1)])
Turn 37 (player 1's turn): (3, [(3, 4, 3, 1, 1), (4, 4, 2, 1, 1)])
Turn 38 (player 2's turn): (3, [(3, 4, 3, 1, 1), (3, 4, 2, 1, 1)])
Game over.

